.Random.seed <-
c(403L, 496L, -958385024L, 1788758112L, 24101063L, -1144547535L, 
-806605512L, -635448442L, -122488032L, -881177721L, -41555643L, 
-1586701686L, 1756030846L, 1652220275L, 1712365477L, 274226522L, 
-815051363L, 728063188L, -1232872329L, -2118492393L, 1377319730L, 
-11911347L, 1138881050L, 1577997925L, -1930054814L, -1739536835L, 
-134568609L, 1337446929L, -1108183030L, -452245199L, 787286864L, 
-312710991L, 1454981763L, -1745914476L, -388928122L, 486488880L, 
-1583252898L, 1099157325L, 501339780L, 984537163L, 249424435L, 
413561507L, -165988947L, 44765612L, -1574957177L, -1737426868L, 
-2065461488L, 1174331607L, 1932536984L, -1144938304L, 556583195L, 
1674914331L, -1658069938L, -670145674L, -871434183L, 304117354L, 
1824130560L, 439689899L, -943450432L, -1615203760L, 721794679L, 
1432835920L, 637409418L, 325658734L, 1547494398L, -457467543L, 
-518779052L, 604128256L, -76671414L, -2122163878L, 1473889221L, 
-1819375734L, 1529510751L, -1891379490L, -436902830L, 879999098L, 
-1544580708L, 56237550L, 72072063L, -1582782150L, 1282764605L, 
-629628455L, 518194029L, 1697293907L, 1588487708L, -1188965780L, 
1167789678L, -1769608046L, -1501347218L, 1568768092L, -1556586872L, 
666179751L, -1613582230L, 1246552662L, 687488141L, -1710667948L, 
2012375841L, 782962069L, 832193160L, 382094720L, -933265689L, 
2075566416L, -1166490396L, -1472479229L, 142137085L, 1350481466L, 
-382100031L, -1587448237L, -1949584729L, 1371030340L, -1675456286L, 
-1832545524L, 1983423339L, 1388710236L, -781990919L, -1881970728L, 
-1981317514L, -475472963L, 140958479L, -1941392522L, -924956432L, 
1765628901L, -510239034L, -464934953L, 209630975L, -1283978750L, 
218169425L, -1557938457L, -481290933L, -1049871804L, -310456030L, 
-1245679158L, 1474471031L, 1717875700L, 2063377301L, 1059551332L, 
1838785575L, 1799041684L, 821583149L, 302238341L, 1306319859L, 
-186131671L, -1918308051L, 172772739L, -2073203998L, 851071390L, 
-487366947L, 34626073L, -1503441550L, -762750367L, 681179546L, 
-398613867L, 1040507964L, 1442921951L, -1980433827L, -1864408415L, 
904895893L, -993974676L, -1732543040L, -562472436L, -651574826L, 
-1206834847L, -289758976L, -1838598012L, 74397726L, 1624201047L, 
1839301771L, -591821479L, -1076195766L, -1252027427L, 1510080614L, 
-2112219649L, -150099548L, -1046770455L, -1935224349L, 115716804L, 
555371648L, -972571654L, -1147570288L, 2116291504L, -2019433023L, 
1331575638L, 1701701057L, -1211733123L, 1152600423L, 1141744371L, 
438827878L, 1900454602L, -1636264151L, 822426892L, -104781937L, 
1261034009L, -1707161663L, 21515378L, 1739697768L, -1307474014L, 
-848547333L, 243658002L, 644706552L, -478703911L, -1989499281L, 
1075349215L, 363887032L, -24890016L, -817550986L, 74393799L, 
1067629920L, -185723270L, 1028641821L, -1813543553L, -1722917689L, 
-1081641859L, -1558349505L, 1111072022L, 1760361233L, 1254747572L, 
1441390869L, -1464415975L, -1482554390L, 1747955966L, -1988817682L, 
1663506861L, 347632719L, -3035651L, 1764356134L, -1203634516L, 
-465963323L, 1450311659L, -400459188L, 2135202998L, 1308552976L, 
-1119342668L, -1205047651L, 254137533L, 561565846L, 552799004L, 
1278192859L, 1600429671L, -1945718829L, 877319697L, -644920474L, 
-550736021L, 724589298L, -148906827L, 1057938169L, 932977238L, 
-1195761182L, 1895676976L, -1078502827L, -1472015328L, -1831266760L, 
-116015573L, 306212017L, -1437368798L, -132726676L, -70205561L, 
-488435069L, -448633856L, -1938664518L, 1605700274L, -1480106773L, 
1010696149L, -1472134676L, -310572455L, 250097390L, 1713106671L, 
-553724025L, -428125363L, -227536914L, 1139085881L, -865934088L, 
-1754964180L, 1168914625L, -293595300L, 681831048L, -339428780L, 
246689653L, 445077996L, 682185246L, 2128726699L, 445716428L, 
-1820604872L, -1450814158L, -1476589579L, 1691951825L, 912547151L, 
-916621420L, -490295636L, 386799101L, -1651304016L, 1326626904L, 
1969263777L, 35977004L, 1720023717L, 1965706213L, 1081745430L, 
76668701L, 536797408L, 1506153760L, 883313656L, 1554205970L, 
-948206912L, -339452565L, -1151782075L, -1255596015L, 1563702460L, 
-1710876856L, -1032961898L, -1710078032L, -36390969L, -1259201681L, 
-649320468L, -1297061693L, -1674386663L, 1436140331L, 1623635324L, 
479661491L, -1364316299L, 1023824371L, 1248088676L, 952918969L, 
-1564901700L, -1038538846L, -1965713896L, 464880167L, 1665363964L, 
-250276063L, -24707613L, -1888459469L, 1966221927L, 346095804L, 
-1732396022L, 572525803L, -918862941L, -358333837L, 1604416251L, 
-2116582665L, 586275901L, 1226110683L, 90108390L, 754340269L, 
-1029198314L, -1272414937L, -370925658L, -1236831928L, -438236553L, 
1090794211L, -1788790346L, -350164231L, -154475889L, 574376076L, 
548296235L, -1408598075L, 1841908174L, -1649068306L, -598283703L, 
-191505013L, -860813314L, 1987914289L, -785482637L, 353259293L, 
915888824L, -1330499265L, 491853733L, 2121008575L, -356534842L, 
269048503L, 529144505L, -1800648139L, -2055030170L, 1773466832L, 
-858255028L, -1976800759L, 2020299180L, 1042591551L, 751160751L, 
401243876L, 1792834098L, 1960453837L, -2009266548L, -2069752944L, 
1316842251L, -221381612L, 378724267L, 2034334134L, -898063109L, 
1868429742L, -1271082748L, 667591990L, 1834278834L, 2038535751L, 
1576860668L, 1914042696L, 407324677L, 1724374286L, 1333171899L, 
1247819893L, -996087208L, -568061057L, -516463363L, -286608583L, 
-1855679813L, 2091440763L, -1790177502L, -642201387L, 887638551L, 
-1840030822L, -1556221029L, -535676838L, 1123187994L, -1697747439L, 
-572677L, 1507785516L, -170780311L, -7766185L, 821748870L, -251372720L, 
-1037025301L, 523786964L, -946615351L, -1633754958L, -734165441L, 
-317661777L, -1678825967L, 1862586361L, -763818018L, 1276714331L, 
-1081572742L, -546150825L, 1834304507L, -1036060511L, -943885492L, 
-713670164L, 8419767L, 987819562L, 836663290L, -596700154L, -872338496L, 
1738821389L, -913410535L, -741546745L, 917408126L, -987629414L, 
272837373L, 1765319449L, 1590494750L, 576676605L, 629989505L, 
1384678554L, 1859214420L, -1364413396L, -1828835137L, -58818224L, 
-1307116386L, 1245942312L, -160972869L, -1179240241L, 64279178L, 
1817100116L, 769941876L, 1696475149L, -929864800L, -1200366709L, 
-1086397624L, -110620010L, -1369224575L, 970733829L, -466652924L, 
2086127351L, -48383901L, 358492827L, -2026457543L, -910059354L, 
-1682776745L, -141276911L, 1271029919L, 570487962L, 1374547095L, 
-1727704972L, -409227479L, 2022828880L, 1412459983L, 198984696L, 
-1040746301L, -1793788666L, -657275097L, 734429521L, 1440610254L, 
-2119755709L, -1059039283L, -226780794L, 230412374L, -298114929L, 
1959611467L, 1088895270L, -298014598L, 597275265L, 1283646932L, 
181409624L, -476276067L, -597087618L, -734757998L, -103258107L, 
1582464255L, 384512841L, -377484304L, -2078219964L, 2045686050L, 
947957250L, 38926780L, 328724079L, 1652541779L, 210428527L, 1488320461L, 
-449792981L, 984896929L, -1437664908L, -1086532357L, 1202812964L, 
-1800044864L, 1239821578L, 1917215345L, 103397730L, 150007977L, 
-1499810525L, 471747022L, -342410399L, -550196710L, 1773729966L, 
1798371263L, 496983704L, -1174109727L, -1937146206L, 1028199243L, 
1818603220L, -1532595546L, -744600510L, -335808181L, -1796449984L, 
1900029345L, -780410102L, -497728976L, -2112446622L, 256305240L, 
-245182541L, -1585843382L, -908744669L, -540654828L, -8857673L, 
-1457593789L, -580835116L, 937331492L, 797568362L, -2063635155L, 
1106315882L, -1111788294L, 1114069370L, 1695357997L, 1112844609L, 
-1662211959L, -1303476911L, -1993321726L, -1841259455L, -406138946L, 
-1710715195L, 1013355749L, 1250671424L, -280005864L, 667291682L, 
1225280725L, 1720514765L, -22708753L, 413662173L, 166913049L, 
104705628L, 372145584L, 1561696757L, -179753496L, 1496051849L, 
723839951L, -1728007650L, 338767765L, -671134462L, -91110286L, 
467731526L, -278359087L, 170558347L, 999506193L, -1242916643L, 
597535283L, 2140947032L, 2113944048L, -2080356641L, -121461966L, 
961095293L, -1193327503L, -1899093146L, -224415895L, -1737021453L, 
-1644426222L, 1441630314L, 84692426L, 141101997L, -1500508500L, 
